
obs <- 5.5
